SI	x1	x2	x3	f(x1)	f(x2)	f(x3)
1	12.0000	12.9167	13.8333	2793886.0000	4372724.6719	6634215.1042	
2	12.9167	13.8333	14.7500	4372724.6719	6634215.1042	9796333.1467	
3	13.8333	14.7500	15.6667	6634215.1042	9796333.1467	14125444.8162	
4	14.7500	15.6667	16.5833	9796333.1467	14125444.8162	19942966.2704	
5	15.6667	16.5833	17.5000	14125444.8162	19942966.2704	27632450.9531	
6	16.5833	17.5000	18.4167	19942966.2704	27632450.9531	37647103.9098	
7	17.5000	18.4167	19.3333	27632450.9531	37647103.9098	50517723.2730	
8	18.4167	19.3333	20.2500	37647103.9098	50517723.2730	66861068.9182	
9	19.3333	20.2500	21.1667	50517723.2730	66861068.9182	87388658.2909	
10	20.2500	21.1667	22.0833	66861068.9182	87388658.2909	112915989.4030	

The maxima lies between (21.166667,23.000000)
Total number of function evaluations is 13